  0.99965998   0.000072736170
 -0.01479633   0.014259346517
  0.01481481  -0.014383284773
  0.01490430   0.014777194300
 -0.01442927   0.014460590116
 -0.01447902   0.014408043262
  0.01483038   0.014761075090
  0.01449359   0.014984826709
  0.01425477   0.014986527769
  0.01444436   0.014858369827
  0.01462434   0.014581084751
  0.01454770   0.014636528959
  0.01480586  -0.014282983099
 -0.01469942   0.014105826753
  0.01476453   0.014354577427
  0.01471451  -0.014314737392
  0.01445339   0.014576464980
  0.01452897  -0.014396664955
 -0.01458726   0.014105155308
  0.01480334   0.014038104948
  0.01461458  -0.014159024463
  0.01450725  -0.014266175042
  0.01418191  -0.014562939471
  0.01449481   0.014349918811
  0.01470345   0.014061051819
  0.01427021  -0.014426731657
  0.01404472   0.014668215991
  0.01430225   0.014461086485
  0.01426096   0.014494981217
  0.00000797   0.020670883360
 -0.00000862   0.020657562990
 -0.00012455   0.020636878143
  0.01430581   0.014270053693
  0.01434357   0.014176659513
  0.01429079   0.014239998777
  0.01414054   0.014379304332
 -0.00017811   0.020508032846
  0.00008617   0.020515668077
  0.01384107   0.014459405113
  0.00022712   0.020403415419
 -0.00005273   0.020433993564
 -0.00012173   0.020348659175
 -0.00032701   0.020264328882
  0.00002724   0.020308771418
  0.01389353   0.014376815610
  0.00007317   0.020302051006
 -0.00031445   0.020229852460
 -0.00017197   0.020257767064
  0.00026280   0.020216717531
  0.00028280   0.020113728512
  0.00002815   0.020170322991
  0.02061649   0.000162197501
  0.01388461   0.014112740674
  0.00013948   0.020109249053
  0.02047701   0.000148195970
  0.02041922   0.000209384668
  0.02044213  -0.000059296240
  0.02039042  -0.000104046429
  0.02031162   0.000305549691
  0.02037593   0.000108137626
  0.02023423  -0.000345782317
  0.02012098  -0.000457680854
  0.02031922   0.000091270005
  0.02014338   0.000378865579
  0.02024649  -0.000123664215
  0.02025881  -0.000077674724
  0.02021132   0.000217003972
  0.02012604  -0.000297526675
  0.02016824  -0.000230522312
  0.02000331   0.000472052738
  0.02000983   0.000418513232
  0.02014765   0.000046684150
  0.01998034  -0.000281129435
  0.02006498   0.000256617997
  0.02003802  -0.000066082110
  0.01985066  -0.000339467108
  0.02004349   0.000133424619
  0.02000867   0.000139124792
  0.01992204   0.000227220486
  0.01997738   0.000048640136
  0.01990782  -0.000074735843
  0.01977556   0.000378480495
  0.01984976   0.000100131105
  0.01978016   0.000204575071
 -0.01454200  -0.014404071725
  0.00014632  -0.020712523499
  0.00022920  -0.020684061162
 -0.00000378  -0.020655421472
 -0.00021590  -0.020542559593
 -0.01447743  -0.014243193768
 -0.01418953  -0.014459319141
  0.00028469  -0.020545896587
 -0.01448489  -0.014177333974
 -0.01439173  -0.014200899818
 -0.01408474  -0.014439827742
 -0.01426481  -0.014263585277
  0.00005160  -0.020452766274
 -0.01452970  -0.013882458223
 -0.01440955  -0.014046773446
  0.01402338   0.013834452564
  0.01392734   0.013916882760
  0.00735878   0.018025101752
 -0.01461996   0.013963007709
 -0.01446460   0.014176890330
 -0.01416706   0.014379365417
 -0.01450219   0.013953350131
 -0.01433411   0.014194243045
  0.00024541   0.019915926462
  0.00003167   0.020022555882
 -0.01381647   0.014511507788
 -0.00019873   0.020009169669
 -0.01404309   0.014389094810
 -0.00008603   0.019961029578
 -0.01441721   0.013898543395
 -0.01410857   0.014236177309
 -0.00021922   0.019908689262
  0.01451786  -0.014025600788
  0.01439376  -0.014123137376
  0.01441324  -0.013984111177
  0.01435389  -0.014075386618
  0.01414065  -0.014336181104
  0.01389725  -0.014382805666
  0.01406510  -0.014225013973
 -0.01382084   0.014358046826
  0.01380389  -0.014391083305
 -0.01424022   0.013976119011
  0.01409783  -0.014143998192
  0.01961562   0.000402883715
  0.01973488  -0.000208544700
  0.01969769  -0.000059377905
  0.00731973   0.018052713326
  0.00032766  -0.020373631711
  0.00043922  -0.020283138062
  0.00001352  -0.020305861232
  0.00016056  -0.020299687239
  0.00005671   0.019863257024
  0.01791322   0.007227059278
 -0.02076594   0.000056146503
  0.01428451  -0.013772691071
 -0.02074598   0.000398085359
  0.00008897   0.019792401875
  0.01409444  -0.013988137913
 -0.02058313   0.000106695330
 -0.01384014   0.014313309399
 -0.01406322  -0.014322256139
 -0.01395600  -0.014305524714
 -0.01403373   0.014116706026
 -0.01390250   0.014166675387
 -0.01430732  -0.013936044241
 -0.01409622   0.014045276771
  0.01958850   0.000281431073
 -0.02052015   0.000377077566
 -0.01412056  -0.014064535101
 -0.01419869  -0.013920217714
 -0.01439843  -0.013670554064
 -0.01431668  -0.013734577678
 -0.01403202  -0.014000265886
 -0.01415706   0.013829958029
 -0.01394290  -0.014056983368
 -0.01393599   0.014052341530
 -0.01407910   0.013830132519
 -0.01386413   0.014046863363
  0.01417288  -0.013650157320
  0.01401506  -0.013874037187
  0.01407291  -0.013669457879
  0.01380728  -0.013960635043
  0.01386045  -0.013828803557
  0.00734063   0.017805895806
  0.00751126   0.017711276235
  0.00706860   0.017860698640
  0.00765270   0.017587543058
  0.00709967   0.017820036900
  0.00752553   0.017643038242
 -0.00013344  -0.020115479201
  0.00019845  -0.020131315688
  0.00728744   0.017711387203
 -0.00002670  -0.020109375616
 -0.02046566  -0.000330269116
 -0.02048952  -0.000110117609
 -0.02041584   0.000544130182
  0.01763683   0.007665019507
  0.00008867  -0.020079201085
  0.01778302   0.007379339942
  0.00029563  -0.020017928960
 -0.02044865   0.000257970611
 -0.00022144  -0.019932509786
 -0.02039185   0.000467288048
 -0.02042640   0.000151860288
  0.00005466  -0.019960719908
  0.01774362   0.007197878709
 -0.02035508  -0.000354997207
  0.01769289   0.006994002792
  0.01735327   0.007849840739
  0.01768759   0.007192985008
  0.01766359   0.007302925587
  0.00015565  -0.019859214707
 -0.00011747  -0.019903702265
 -0.02025493   0.000487242893
 -0.02026686  -0.000372505741
  0.01747642   0.007662130467
  0.01755739   0.007498131153
  0.01743640   0.007626535174
 -0.02028936  -0.000217142900
  0.01750746   0.007528540518
 -0.02027717  -0.000014624555
 -0.02024538   0.000139363595
  0.00739772   0.017590787822
 -0.00016180  -0.019845248567
 -0.01381017  -0.014108120146
 -0.02020144   0.000453929810
  0.01738446   0.007648173641
  0.01762101   0.007004376120
  0.01756148   0.007255671303
  0.01753996   0.007158203031
  0.00013780  -0.019830732985
 -0.01395740  -0.013925645304
 -0.01418224  -0.013686252482
 -0.00015477  -0.019676065947
  0.00750942   0.017516618089
  0.00695407   0.017691757750
  0.00711701   0.017646709050
  0.00684672   0.017662737668
 -0.02014363  -0.000295875615
 -0.02018255  -0.000103349861
  0.00745993   0.017437766902
  0.01708693   0.007857345773
  0.01699927   0.007924130649
  0.01735386   0.007506099519
  0.01745455   0.007256587963
 -0.01396566  -0.013784582090
 -0.00011851  -0.019554294753
 -0.01396716  -0.013704928211
 -0.02008764  -0.000432948861
 -0.02009991   0.000110787327
 -0.02011512  -0.000231239542
 -0.02009454  -0.000164922549
  0.00763602   0.017262301979
  0.00751609   0.017330925797
  0.00719251   0.017535717008
  0.00705063   0.017553387028
  0.00692542   0.017555437904
  0.01747681   0.006803333357
  0.01751642   0.006890805802
  0.01719364   0.007591551167
  0.01747033   0.007022860285
  0.01733895   0.007400312657
  0.01741727   0.007095338748
 -0.00006812  -0.019404889029
 -0.01393734  -0.013565809053
  0.01784683  -0.007216575929
 -0.01991185  -0.000721197784
 -0.01985393  -0.000645590497
 -0.01997290  -0.000410734215
 -0.01996079   0.000361675594
 -0.01997975   0.000297005680
  0.00770781   0.017082735498
 -0.02002450   0.000123028806
  0.00679091   0.017482173118
  0.00758702   0.017203257757
  0.00753722   0.017224545670
  0.00727275   0.017390856695
  0.01706596   0.007687121713
 -0.01999299   0.000223610395
 -0.01999979  -0.000080925062
 -0.01995923  -0.000210445839
  0.01709343   0.007635943068
  0.00740083   0.017261118879
  0.01713981   0.007560216075
  0.00727488   0.017297439224
  0.01716054   0.007466738309
  0.00750079  -0.017782740898
  0.01780953  -0.007068223983
  0.01779828  -0.007138180106
  0.01748603  -0.007594465300
  0.01772164  -0.007104249561
  0.01760458  -0.007351966471
  0.01741285  -0.007402727917
 -0.00754212   0.017567571142
 -0.00691525   0.017706274318
 -0.00701852   0.017613356684
 -0.00755106   0.017314580980
 -0.00752988   0.017305395007
 -0.01976303  -0.000586984519
 -0.01982304   0.000348025297
 -0.01984281  -0.000456088480
 -0.01986655   0.000068431678
 -0.01985827  -0.000088794581
 -0.01985517  -0.000195167804
  0.01718670   0.006457745052
  0.01686672   0.007703505473
  0.01726527   0.006676821057
  0.01727853   0.006771254676
  0.00668002   0.017329817680
  0.00689031   0.017355158522
  0.00706450   0.017352193713
  0.01729907   0.006998118648
  0.01729039   0.007199383304
  0.00713736   0.017316077404
  0.00728312   0.017227728137
  0.00737332   0.017107484105
  0.00700177   0.017303420647
  0.01723869   0.006932029130
  0.00734149  -0.017634503683
  0.00757825  -0.017486220218
  0.00765329  -0.017419683816
 -0.01786580   0.007273661781
 -0.01772129   0.007450763925
 -0.01778053   0.007266299609
 -0.01770328   0.007370683776
 -0.00748449   0.017555319877
 -0.00710876   0.017715376122
 -0.01977801   0.000093720090
  0.01764889  -0.006850938288
  0.01754261  -0.007244406149
 -0.00765575   0.017192263999
 -0.00715856   0.017570770044
  0.01733290  -0.007465390533
  0.01759784  -0.006946762339
  0.01757861  -0.006791523675
  0.01747441  -0.007225516498
  0.00746806   0.016956044315
  0.01672399   0.007647955076
  0.00666678   0.017240520784
  0.01713330   0.006677075046
  0.01706404   0.007433618983
  0.01717236   0.007254684370
  0.01714673   0.007289715124
 -0.00709045  -0.017832061207
 -0.01742864  -0.007492688026
 -0.00710530  -0.017723028697
 -0.01971743  -0.000301730102
 -0.01750011   0.007478415042
 -0.01732769   0.007623803453
 -0.01758075   0.007266244279
 -0.01734766   0.007521852516
  0.00711618  -0.017687211069
  0.00698771  -0.017713978496
  0.00740307  -0.017555002143
 -0.00777372   0.017042157697
  0.00685375  -0.017706540818
  0.00764914  -0.017255674947
  0.00745271  -0.017441705966
  0.00727305  -0.017487139461
 -0.00737724   0.017356097863
  0.00753237  -0.017267466334
  0.01717227  -0.007585367736
  0.01742965  -0.007282313653
  0.01739040  -0.007256894842
  0.01748676  -0.007023638615
  0.00744677   0.016796557953
  0.00733412   0.017002861528
  0.01717052   0.007167376071
  0.00696486   0.017183872818
 -0.00695250  -0.017658945138
 -0.01955945   0.000284235415
 -0.01964812   0.000161941364
 -0.01742974   0.007406858527
 -0.01767519   0.007035481781
 -0.01748965   0.007319840441
 -0.01961627  -0.000372040957
 -0.00681644   0.017562570762
 -0.01774865   0.006926851081
 -0.00704238   0.017518589901
 -0.00765162   0.017030049372
  0.00652200   0.017084658542
  0.01747013  -0.006940735129
  0.01723312  -0.007402693520
  0.01745922  -0.006871433786
  0.00704435   0.017135424769
  0.01713632   0.007037215238
  0.01699434   0.007340277147
  0.01703113   0.007294792886
  0.01706610   0.007218957993
 -0.01967512  -0.000243022258
  0.00712683  -0.017536194702
 -0.01947649  -0.000340993198
 -0.01947522   0.000150289123
  0.00714238  -0.017461784022
 -0.01945565  -0.000082011069
 -0.00725657   0.017388115663
 -0.00742451   0.017177973021
  0.01742235  -0.006635158257
  0.01729755  -0.007283968997
  0.01736463  -0.007132744382
  0.01740095  -0.006765376112
  0.01692039  -0.007467075739
  0.00735195   0.016745202664
  0.01728631  -0.006583735685
  0.01716718  -0.007268126272
  0.00713460   0.017045338822
  0.00717980   0.017003656107
  0.00661509   0.017008152661
  0.00683330   0.017037594413
  0.01732962  -0.006973921252
  0.01689990   0.006762351943
  0.00676913   0.017002613557
  0.00718783   0.016856155865
  0.01701792   0.006935322642
  0.01706665   0.007088412893
  0.01701104   0.006956705640
  0.01682733   0.007306562365
  0.01671710   0.006710465509
  0.01665140   0.007281549920
  0.01678756   0.007210348593
  0.01686748   0.007052127202
  0.01688840   0.007177874883
 -0.01939988   0.000022969218
  0.00701286  -0.017525580354
 -0.00686981   0.017452915595
 -0.00706195   0.017429450036
 -0.00716062   0.017402318948
  0.01682436  -0.007502284968
  0.01715805  -0.007251008970
  0.01689122  -0.007430456678
  0.01641200   0.007283156099
  0.01729960  -0.006814847082
  0.01672114   0.007000756082
  0.01666889   0.006999296852
  0.00690656   0.016831917810
 -0.00725192   0.017334849266
 -0.00675519   0.017414584532
  0.00685187   0.016790134078
 -0.00698346   0.017382626236
 -0.00665391   0.017319418692
 -0.00747241   0.016959053141
 -0.00731373   0.017195652333
 -0.00684318   0.017322445589
  0.01717339  -0.006620241909
  0.01722896  -0.006724711448
  0.01724955  -0.006987436711
  0.01720543  -0.007091712652
  0.01691011  -0.007298661174
  0.01710656  -0.007179490577
  0.01718886  -0.006934963673
  0.01689438  -0.006469729262
  0.01671689  -0.007248361495
  0.01706199  -0.006631318215
  0.01702387  -0.007123242697
  0.01707858  -0.007065335624
  0.01689171  -0.007193512627
  0.01711507  -0.006941516522
  0.01707395  -0.006797315270
  0.01703201  -0.006721720280
  0.01702751  -0.006869591049
 -0.00750378  -0.017439413657
 -0.01778366  -0.006923901991
 -0.00733951  -0.017513751031
 -0.01753986   0.007153471610
 -0.00740359   0.017022862657
 -0.00718084   0.017214703050
 -0.00709788   0.017245316130
 -0.00680974  -0.017625425993
  0.00749825  -0.017227800352
 -0.00731165  -0.017425629511
 -0.01721959  -0.007693398148
 -0.01726022  -0.007557609509
 -0.01749146  -0.007384220267
 -0.01767002  -0.006987728936
 -0.01757132  -0.007209529590
 -0.01759798  -0.007144759002
 -0.01746688  -0.007284745207
 -0.01708755   0.007615460527
 -0.01715034   0.007550285776
 -0.01756781  -0.007089287647
 -0.01717544   0.007454324603
 -0.01730299   0.007334660665
  0.01691107  -0.006620957535
 -0.01714936  -0.007618042688
 -0.00736899  -0.017244448140
  0.00764068  -0.016959163240
 -0.00703057  -0.017520501682
 -0.00664505  -0.017527253291
  0.00729306  -0.017294854823
 -0.00726008   0.017153264781
 -0.00738790   0.016942063623
 -0.01762550   0.006924367289
 -0.01751651  -0.006946760948
  0.01671479  -0.006496973100
  0.01667992  -0.007127883614
  0.01679073  -0.007109819779
  0.01689606  -0.006757922068
  0.01685015  -0.006988798429
 -0.01765593  -0.006866702778
 -0.01754692   0.006915305313
 -0.01765200  -0.006620272054
 -0.01700621  -0.007576114006
 -0.01728478  -0.007291064445
 -0.00665947   0.017167479650
 -0.00699878   0.017177266790
 -0.00711337  -0.017468051142
 -0.00687124   0.017181648533
 -0.00684609   0.017173816675
 -0.00707810   0.017135689211
 -0.00688688  -0.017513714485
  0.00669476  -0.017352441994
 -0.00753566  -0.017001051570
  0.00682944  -0.017357977237
  0.00731319  -0.017205465069
 -0.00743866  -0.017082702821
  0.00746166  -0.017042858443
 -0.00724185   0.016986269104
  0.00699119  -0.017305002684
 -0.00720287  -0.017320182424
  0.01670705  -0.006594471219
 -0.00675214  -0.017370313978
 -0.00684637   0.017105451158
  0.00708167  -0.017251698801
  0.01693037  -0.006971676278
  0.00737627  -0.017041191732
  0.00703472  -0.017225855158
 -0.00712898  -0.017319108037
 -0.00667305   0.017011337396
  0.00686326  -0.017223929831
  0.01661106  -0.006999383333
  0.01669091  -0.006809365116
 -0.00715170   0.017034865398
 -0.00705701  -0.017312291913
  0.01652906  -0.007044398519
 -0.00684101   0.017032994453
 -0.00720131   0.016775558372
 -0.01754255   0.006656883988
  0.00671866  -0.017159564719
 -0.00725185  -0.017193775124
 -0.01705527   0.007492011711
  0.00691279  -0.017183737436
  0.00735432  -0.016991023220
 -0.00696482   0.016979724061
 -0.00698958  -0.017321981133
 -0.01713441  -0.007439106926
 -0.01731793  -0.007212440207
  0.00746342  -0.016806430670
  0.00739572  -0.016915067763
  0.00715358  -0.017094421264
 -0.00736466  -0.017011805958
 -0.01737658   0.007137051331
 -0.01747851   0.006651234002
 -0.01734852   0.007064235661
 -0.00683630   0.016741047486
 -0.00712526   0.016890998004
 -0.00699958   0.016683218719
 -0.01684007  -0.007660319923
 -0.01713581   0.007282433385
 -0.00710618   0.016944838804
 -0.00705909   0.016802470903
 -0.01693694  -0.007507879800
 -0.01704824  -0.007441442183
 -0.01715612  -0.007334917125
 -0.01755007  -0.006808774640
 -0.01730976  -0.007169553028
 -0.01703441  -0.007367234753
 -0.00676460   0.016822050244
 -0.00683508   0.016859601456
  0.00720627  -0.017006177457
  0.00690822  -0.017042889620
  0.00699505  -0.017025245659
  0.00726152  -0.016871418865
  0.00728751  -0.016760890130
  0.00725377  -0.016809132725
  0.00672758  -0.016928355557
 -0.01751835  -0.006651826955
 -0.00754969  -0.016712625228
 -0.00664080  -0.017239397660
 -0.01745079  -0.006527002307
 -0.01700890   0.007355513286
 -0.01740020   0.006951269741
 -0.00743731  -0.016804773185
 -0.00692886  -0.017214675710
 -0.01738104  -0.006968561591
 -0.01717420   0.007197914791
 -0.01736095   0.006752416958
 -0.01729838   0.007022705887
 -0.00683868  -0.017192335079
 -0.00707171  -0.017139389559
 -0.00718652  -0.017040134215
 -0.00712802  -0.017084927465
 -0.01724958   0.007079664649
 -0.01734577   0.006828953246
 -0.01725282  -0.007096504760
 -0.00727948  -0.016917158332
 -0.00669872  -0.017130588105
 -0.01709423   0.007216022047
 -0.01730670  -0.006954595173
 -0.01738583  -0.006757757921
 -0.00689729  -0.017091471790
  0.00685818  -0.016924199051
  0.00708395  -0.016850480184
 -0.01674235   0.007437448301
 -0.01700113   0.007232204517
 -0.01718911   0.007004576753
 -0.01674689  -0.007514466642
 -0.01711582   0.007103748628
 -0.01733476  -0.006866882247
 -0.01687707  -0.007422586496
 -0.01709193  -0.007236980635
 -0.01730430  -0.006859064548
  0.01645460  -0.001014154758
  0.01644060  -0.000783744252
  0.00721066  -0.016638502889
  0.00700724  -0.016832931403
  0.00688697  -0.016860470420
 -0.01677839   0.007344784060
 -0.01730503   0.006804104579
 -0.00729844  -0.016821290420
 -0.00666526  -0.016991847246
 -0.00710842  -0.016978533337
 -0.00728268  -0.016711390688
 -0.00716134  -0.016856742799
 -0.00691120  -0.016984860190
 -0.01733429  -0.006426807009
 -0.01690793  -0.007346019423
 -0.01710177  -0.007123967343
  0.00702962  -0.016650766139
  0.00692128  -0.016634595092
  0.00698117  -0.016528402855
 -0.01655248   0.007447531994
 -0.01723787   0.006620334599
 -0.00664004  -0.016983862436
 -0.01719221   0.006803805731
 -0.01710122   0.006559796555
 -0.00702458  -0.016866290577
 -0.01693984   0.007165836120
 -0.01715794   0.006887976816
 -0.01693832   0.007084782392
 -0.01708314   0.006946994248
 -0.00654701  -0.016827076471
 -0.00720436  -0.016588025627
 -0.00676265  -0.016834388082
 -0.00690553  -0.016741866624
 -0.01699675   0.006981062096
 -0.00697223  -0.016769912063
 -0.01733061  -0.006537629324
 -0.01731897  -0.006583790043
 -0.01695864  -0.007171608871
 -0.01725363  -0.006343266053
 -0.01725595  -0.006673712151
 -0.01714172  -0.006959413422
 -0.01720965  -0.006777879629
 -0.01706313  -0.007037341953
 -0.01663370  -0.007311612509
 -0.01671400  -0.007289983909
 -0.01719221  -0.006515715580
 -0.01682185  -0.007237126500
 -0.01678144  -0.007198063369
 -0.01710020  -0.006795304491
 -0.01703015  -0.006880909126
 -0.01691593  -0.007018617764
 -0.00717235  -0.016603313381
 -0.01659275   0.007343331997
 -0.01705337   0.006546082194
 -0.01708839   0.006755022155
  0.01625214  -0.000177721387
  0.01615980   0.000230565536
  0.01613870  -0.001352814607
  0.01609826  -0.000513011129
  0.00686865  -0.016487377782
  0.00693682  -0.016325592498
 -0.00709195  -0.016627511327
 -0.00687753  -0.016611185751
 -0.01673495   0.007141120793
 -0.01706938   0.006703701444
 -0.01669223   0.007144622485
 -0.01696858   0.006528319884
 -0.01711805  -0.006611490086
 -0.01685384  -0.007041700758
 -0.00707274  -0.016315274599
 -0.00698301  -0.016410217166
 -0.01663275   0.007187842832
 -0.01654253   0.007188342047
 -0.01661331  -0.007251767624
 -0.01682910   0.007044212573
 -0.01696911  -0.006873395380
 -0.01653557   0.007046121099
 -0.01691824   0.006854308979
 -0.01692314   0.006779606734
 -0.01682175   0.006593308320
 -0.01669373   0.007008672364
 -0.01684772   0.006817927012
 -0.01672698   0.006969106964
 -0.01694559  -0.006635028453
 -0.01678337   0.006692402532
 -0.01657637   0.006874063101
 -0.01672761   0.006816491962
 -0.01672816  -0.007094020437
 -0.01665091   0.006673987571
 -0.01686227  -0.006908343346
 -0.01672034  -0.007019570146
 -0.01668683   0.006677821305
 -0.01658429  -0.006937638426
 -0.01682075  -0.006739749553
 -0.01671558  -0.006586182600
 -0.01665274  -0.006966624428
 -0.01673109  -0.006791486845
 -0.01668288  -0.006765707387
  0.01595798  -0.001125400760
  0.01584007  -0.001636468213
 -0.01655359  -0.006601546442
  0.01375315  -0.008745140485
  0.01186865   0.011354355682
 -0.00097601   0.016425043064
  0.01132702   0.011549419480
  0.01557741  -0.000084450683
  0.01349052  -0.008243036504
 -0.00065286   0.016321361339
  0.01543407  -0.000871409409
  0.01522771   0.001211856159
  0.01525624  -0.001691457731
 -0.00000559   0.016328601079
  0.01478204   0.002884710378
  0.01520092   0.000583964539
  0.01191117   0.010427895315
  0.01215272   0.010045706446
  0.00022577   0.016208104885
  0.01451618   0.003745359330
  0.01338699  -0.007792954488
  0.01441822   0.003983863025
  0.01514143   0.000182189359
  0.01514012  -0.000079727560
  0.01475527  -0.002878650002
  0.00051827   0.015971854315
 -0.01287469   0.010455467251
 -0.01275389   0.010351452534
 -0.01185642   0.011191695276
 -0.01224570   0.010719237082
 -0.00075158   0.015960674953
  0.00008796  -0.016092963613
 -0.01258874   0.010023606263
 -0.00040705   0.015940392276
 -0.00134177   0.015742700249
 -0.01206693  -0.010797018446
  0.00012702   0.015882445057
  0.01168524  -0.010582373163
  0.01297613  -0.008677502475
 -0.00757840   0.013405208859
 -0.00832158   0.012988316054
 -0.00788586   0.013221119004
  0.01048038   0.011698830665
  0.01265313  -0.008792429488
  0.01075207   0.011216747441
  0.01328914  -0.007193918029
  0.00753963   0.013136189572
  0.00673970   0.013548919391
  0.01292443  -0.007688104339
  0.01335771   0.006730121929
  0.01365273   0.006132360800
  0.01218181   0.008874510186
  0.01309224   0.007013375111
  0.01259558  -0.008068782896
  0.01416125   0.004061943618
  0.00617724   0.013496645085
  0.01341560   0.006170904237
  0.00688253   0.013155712268
  0.01255945   0.007840695373
  0.01347623   0.005686270387
  0.01431873   0.002608037429
  0.01484188   0.000821877267
  0.01490552  -0.000053521973
  0.01382075   0.003445773134
  0.01465948  -0.000570831098
  0.01482770   0.000198010580
  0.01471789  -0.000385518496
  0.01474510   0.000104476971
  0.01456005   0.000669485028
  0.01466924   0.000319883075
  0.01451507   0.000805615852
  0.01461099  -0.000245040543
  0.01456352  -0.000350990411
  0.01466242   0.000247273759
  0.01455432   0.000521034416
  0.01461554   0.000078853773
  0.01457720   0.000355811132
  0.01457110  -0.000058897379
 -0.01117454  -0.011392868467
 -0.00993777  -0.012251688249
 -0.01161989  -0.010888489805
 -0.01157304   0.010861938110
 -0.01232656   0.010012472604
 -0.01197414   0.010372031197
 -0.01585955   0.003506763598
 -0.00322891  -0.015160679420
 -0.00901470  -0.012709432994
 -0.01153151  -0.010765186408
 -0.01578231   0.003303464908
 -0.01230439   0.009679757484
 -0.00211553  -0.015397699833
 -0.01556731   0.003696550839
 -0.01187420   0.010169731555
 -0.00088666  -0.015596567241
 -0.00172862  -0.015410459113
 -0.01218188  -0.009841077433
 -0.01573266   0.002764959804
 -0.01554494   0.003498060476
 -0.00744340   0.013190761639
 -0.00833030  -0.012903132342
 -0.00107962  -0.015512589820
 -0.00758319   0.012976120555
 -0.00496824   0.014043776457
  0.00347660   0.014537540869
 -0.00132211   0.015158802371
 -0.00513255   0.013873885192
  0.00847583  -0.012328362289
  0.01014612  -0.011363212114
  0.00913800  -0.011917382733
  0.01112320   0.010494956704
  0.00365169   0.014114232398
  0.00387452   0.014007797921
  0.01169940   0.009347261627
  0.00697157   0.012873395851
  0.00518902   0.013496310425
  0.00718861   0.012725913786
  0.00770026   0.012361830206
  0.01365912  -0.003884069091
  0.01292490   0.006152021230
  0.01250226   0.007028404419
  0.01342117  -0.004291101212
  0.01365693  -0.003349189794
  0.01393392   0.002331752105
  0.01449010   0.000597122298
  0.01434706  -0.000420619184
  0.01451033   0.000323797599
  0.01431798   0.000708452834
  0.01448840  -0.000025685339
  0.01431143  -0.000238864258
  0.01433315   0.000467525697
 -0.01008511  -0.011720503726
 -0.01191286  -0.010008228313
  0.00163011  -0.015194928312
 -0.01563406  -0.002818148273
  0.00023750  -0.015402972838
 -0.01203671   0.009377162519
 -0.01547179   0.002769724905
 -0.01524189   0.002350420907
 -0.01535050   0.003062162345
 -0.01499084   0.003464801132
 -0.00786663   0.012660502567
 -0.00646278   0.013240979867
  0.00295947  -0.014583422747
  0.01065920  -0.010743152300
  0.01114699  -0.010182151566
 -0.00610983   0.013295758589
  0.00421592   0.013742690668
 -0.00856544   0.011939268953
  0.00971791  -0.011385683726
  0.00287057  -0.014556704199
 -0.00557111   0.013348817853
 -0.00685794   0.012795991884
  0.01176128  -0.008044086279
  0.01272579  -0.005758799752
  0.01338934   0.003908797107
  0.01299182   0.004719555713
  0.01308278   0.004321287858
  0.01338203   0.003081941495
  0.01411976  -0.000788389237
  0.01433687  -0.000058394050
  0.01408218   0.000761491881
  0.01417092  -0.000315969039
  0.01426246   0.000165674643
  0.01423701   0.000248797710
 -0.01521896  -0.004033754205
 -0.01208999  -0.009211104285
 -0.00197383  -0.014902468463
 -0.00872390  -0.012165685092
 -0.01524196  -0.002587762965
 -0.00524092   0.013419990092
 -0.00018712   0.015054572834
 -0.00050126   0.014992751724
  0.00713894  -0.012554853400
  0.00031523   0.014949231720
  0.01005151  -0.011032311347
  0.00560904   0.012924383225
  0.00878238  -0.011599758692
  0.00484006   0.013212032457
  0.01081988   0.010362164728
  0.00351352   0.013658589761
  0.01020523   0.010947535367
  0.01048152   0.010640960711
  0.01091369  -0.009847575608
  0.01216365  -0.006524771881
  0.01289340  -0.004685905602
  0.01301285  -0.003970406278
  0.01397734   0.000861327967
  0.01388283  -0.000516799854
  0.01404955  -0.000307209162
  0.01419642   0.000331749501
  0.01401712   0.000567833495
  0.01406832   0.000504119718
  0.01415475   0.000021943991
 -0.01509568  -0.003038303726
 -0.01046196  -0.010911525930
 -0.01499469  -0.003200500636
 -0.01470700   0.003533787610
 -0.01121943  -0.010004963970
 -0.00419549  -0.013951614296
 -0.00787035  -0.012275318931
 -0.01470493  -0.003624684203
 -0.01158831  -0.009328033661
 -0.01476400   0.003109900234
 -0.01471358   0.002868336043
 -0.00505519  -0.013447128130
 -0.00272300  -0.014200555740
  0.00223368  -0.014405400738
 -0.00751832   0.012206201587
 -0.01050950   0.010728575860
 -0.00068025  -0.014902670310
 -0.00435312   0.013271900456
 -0.00373048   0.013362648565
 -0.00531103   0.012852652954
  0.00627299   0.012340536038
  0.00369083   0.013299280020
 -0.01057491   0.010505800221
  0.00052417   0.014730338646
 -0.01033172   0.010669315259
 -0.01044130   0.010565496657
 -0.01054369   0.010466745734
  0.00574085  -0.012974131882
  0.00027675   0.014777302875
  0.01025888   0.010684619806
  0.00589413  -0.012681276062
  0.01000776  -0.010866902564
  0.00516029  -0.012906726366
  0.01068851  -0.010246494582
  0.01049839  -0.010438914935
  0.01030306  -0.010591817644
  0.01011385  -0.010691623747
  0.01069598  -0.010027600973
  0.01054659  -0.010303658353
  0.01328705   0.001689405387
  0.01408362   0.000272618124
  0.01410286   0.000142505774
  0.01402804  -0.000062969994
 -0.01031567  -0.010768505296
 -0.01427171   0.003790420125
 -0.00998300  -0.010947825900
 -0.01050211  -0.010263947676
 -0.00424827  -0.013539787365
 -0.00483525  -0.013238255455
 -0.01030313   0.010605444912
 -0.01064921   0.010218487668
 -0.01012260   0.010688592786
 -0.01054750   0.010360879012
  0.00257029  -0.013892058648
 -0.01040424   0.010430724067
  0.00558054   0.012416732857
  0.00079011   0.014552541297
  0.00005945   0.014748468837
  0.00953416   0.010932861652
 -0.00034973   0.014662239503
  0.00018452   0.014727376505
  0.00049042   0.014648208613
  0.01071686   0.010037402947
  0.01040142   0.010469967523
  0.01011295   0.010639432222
  0.01082076  -0.009305891986
  0.01275707  -0.003513316319
  0.01260215   0.003677968961
  0.01034260  -0.010424871392
  0.00987211  -0.010736944417
  0.01061308   0.010020591658
  0.01025171  -0.010470840287
  0.00036328   0.014638881968
  0.01392897  -0.000168877802
 -0.01481273   0.002061300410
 -0.01008055   0.010632382691
 -0.01053240   0.010185247214
 -0.01071857  -0.010202754543
 -0.00969210  -0.011010589711
 -0.01041086  -0.010439590280
 -0.00997421  -0.010789453899
 -0.00807900  -0.011604067803
  0.00465630  -0.012974551874
  0.00653454  -0.012087417041
 -0.00327708  -0.013564469546
  0.00513744   0.012379257095
 -0.00007402  -0.014831560971
  0.01195273   0.005532433447
  0.01222771  -0.004940281285
  0.00058457  -0.014600642119
  0.00314034  -0.013498886975
  0.00978637   0.010723132898
  0.01040022   0.010335235600
 -0.01012713  -0.010566241888
  0.01024621   0.010450554305
  0.01387000   0.000025610788
 -0.01390622  -0.004642923358
 -0.01437527  -0.003491061983
 -0.00677468  -0.012243355132
 -0.00473209   0.012774801686
 -0.01069849   0.009843106424
 -0.01031760   0.010330420438
 -0.01020635   0.010461654827
 -0.00990490   0.010631613202
  0.00073476   0.014391117267
  0.00023749   0.014606957806
 -0.00046003   0.014496657710
 -0.00074963   0.014295980322
 -0.00007017   0.014601665987
  0.00991316  -0.010646693057
  0.01058335   0.009893234556
  0.01045869   0.010218656104
  0.01042571  -0.010190794405
  0.00997514   0.010630566849
  0.01013386  -0.010456903808
  0.01045705  -0.010120825894
  0.01148852   0.006054109872
  0.01353221  -0.000307628133
  0.01367337  -0.000125093403
  0.01378002   0.000379462615
  0.01011619   0.010513674101
  0.01016279  -0.010353041511
  0.01377638   0.000056085276
  0.01030735   0.010325202486
  0.00991620   0.010563682640
  0.01040716   0.010081833165
  0.01342523   0.000461116405
  0.01371525   0.000312859075
  0.01368906   0.000251680811
  0.01029695   0.010242526335
 -0.01493251  -0.001547721227
 -0.00022436  -0.014632531873
  0.00014966  -0.014665255073
  0.00882412  -0.010732844999
 -0.01034754   0.010197808188
 -0.00017048   0.014535456724
 -0.00044414   0.014433641745
  0.00018615   0.014518246726
  0.01044552  -0.009986310869
 -0.00079696   0.014163267758
  0.00948368   0.010585114150
  0.00957477   0.010575258937
 -0.01015742   0.010380431440
 -0.01163716  -0.008383447236
  0.00554629  -0.012309425316
  0.00670561  -0.011735428575
  0.00029091  -0.014589005307
  0.00046951  -0.014507917617
 -0.01050923   0.009982792293
  0.01175050  -0.005115967951
  0.01032734  -0.010175201199
  0.01043665  -0.009325930507
  0.00069025   0.014199968631
  0.01046781  -0.009708641891
  0.00047829   0.014358610735
  0.00028381   0.014444847017
  0.00987250  -0.010425869474
  0.01041209   0.009727520004
  0.00065482   0.014139119995
  0.01038706  -0.009955434159
 -0.00006573   0.014426016415
 -0.00008531   0.014420584773
  0.01011514   0.010342230699
  0.01034824   0.009960034780
  0.00982908   0.010467293637
  0.00012185   0.014408376528
  0.01006081   0.010390783342
  0.01034873   0.009735753480
 -0.00060651   0.014119419659
  0.00992882  -0.010322163738
  0.01010787  -0.010219447205
 -0.00035815   0.014283884925
  0.01025555  -0.009992589547
  0.01023763  -0.010042981823
  0.01027918   0.009984994822
  0.01019000   0.010139297239
  0.01005236   0.010303434595
  0.00997696   0.010306869449
  0.00990817   0.010342092144
 -0.01467722  -0.002149769069
 -0.01022127  -0.010459483738
 -0.01055502  -0.010019429759
 -0.00968269  -0.010735694788
 -0.00045498  -0.014509612366
 -0.00095863  -0.014242971113
  0.00957936   0.010394260507
 -0.00021961   0.014309317214
  0.00992735  -0.010296747298
  0.01011828  -0.010152421355
  0.00947211  -0.010365948104
  0.00034005   0.014257314399
  0.00059750  -0.014327304535
  0.00670583  -0.011455636526
  0.00477289  -0.012357070982
  0.00066008  -0.014248092791
 -0.00032053  -0.014407029294
  0.00037201  -0.014360358879
  0.01178600  -0.004411030873
 -0.00017890  -0.014402641682
  0.00016287  -0.014401220215
  0.00022291  -0.014406204583
  0.00964518  -0.010316868341
  0.00978937  -0.010293826762
  0.00043464   0.014125484367
  0.01028205  -0.009664577046
  0.00029892   0.014198964961
  0.00020594   0.014254626922
 -0.00007811   0.014248014760
  0.00000548   0.014254449445
  0.01023864  -0.009746694145
 -0.00041820   0.013968362371
  0.00044477   0.013976372054
  0.01018725   0.009984765999
 -0.00021756   0.014118838445
  0.00952654   0.010269966742
  0.00980782   0.010285927815
  0.01014607   0.010052154259
  0.01014719   0.009643445561
  0.01016870   0.009822781978
 -0.00012983   0.014152889105
  0.00996273  -0.010153854102
  0.00974022   0.010242985211
  0.01013932  -0.009893702205
  0.00010622   0.014160139735
  0.00998754   0.010173019167
  0.01003217   0.010083832516
  0.00947722   0.010210162875
  0.00994474   0.010163059538
  0.01014593  -0.009742226188
  0.01000673  -0.010062925508
  0.01005485  -0.009962794778
  0.01008808   0.009917846398
  0.00993673  -0.010083407023
  0.00982082   0.010168532807
 -0.00585687   0.012148869059
  0.01171599   0.004464043671
 -0.00999339  -0.010547384087
 -0.01023188  -0.010314163661
 -0.00984305  -0.010618860632
  0.00385908  -0.012624514377
  0.00299047  -0.012944548684
 -0.00039372   0.013942594467
  0.01208442  -0.003228443257
  0.00060433  -0.014064922687
  0.00748839  -0.010761499797
  0.01014423  -0.009533198201
  0.00022647  -0.014265417244
  0.00014986  -0.014306984858
  0.01009305  -0.009445978346
  0.00964848  -0.010120041942
  0.00916638   0.009956313269
  0.00990003   0.009396486431
  0.01004744   0.009748133234
  0.00999500   0.009962380973
 -0.00891733  -0.010984986933
 -0.00040433  -0.014239979864
  0.00046352  -0.014160055505
 -0.00010166  -0.014286987206
 -0.00049511  -0.014116438202
 -0.00022966  -0.014224576398
  0.00034405   0.013866939247
  0.00021319   0.013905182613
 -0.00018860   0.013919459293
  0.01012858  -0.009629384736
 -0.00003531   0.013950789287
 -0.00026253   0.013858365925
  0.00984598  -0.010036068664
  0.01005684  -0.009741913111
  0.00999781   0.009651708938
  0.00944617  -0.009983288470
 -0.00007313   0.013868367112
  0.00962257   0.010004493545
  0.00953820  -0.009979552103
  0.01000762  -0.009603771333
  0.00003930  -0.014243929802
  0.00990694   0.009955331769
  0.00998340   0.009819771823
  0.00985809   0.009562945606
  0.00995625  -0.009836736619
  0.00974932   0.009947493513
  0.00990315   0.009753565369
  0.00980169   0.009885593039
 -0.00622317  -0.011989510882
  0.01213762  -0.002678296944
 -0.00434799  -0.012690388497
 -0.01029531  -0.010158073357
 -0.01014804  -0.010331270522
 -0.01020699  -0.010239562639
 -0.00031117  -0.014153515605
 -0.00006174   0.013640421878
  0.00958710  -0.009843926656
  0.00977817  -0.009816781268
  0.00960316   0.009610349927
  0.00973750   0.009785655359
  0.00029014   0.013712794411
  0.00021078   0.013679333270
  0.00627083   0.011112110075
 -0.01309236  -0.005430495995
 -0.00527867  -0.012297040505
 -0.01057210  -0.009788343497
 -0.01042067  -0.009921812721
  0.00983298  -0.009418530849
 -0.00990699  -0.010465254206
  0.00982967  -0.009632038148
  0.00972475  -0.009817598686
  0.00977111  -0.009752573612
 -0.01027955  -0.010107593116
 -0.01002982  -0.010349185386
 -0.00014279  -0.014131024540
  0.00011453  -0.014143657005
  0.00032755  -0.014013566923
  0.00001127  -0.014140979901
  0.00965263  -0.009568663673
 -0.00032443  -0.014003684443
  0.00960358  -0.009485536287
  0.00957856  -0.009336319990
  0.00012412  -0.014075298647
  0.00018240  -0.014000762470
 -0.00022301  -0.013988198500
 -0.00001298  -0.014005708166
 -0.01489534  -0.000809517140
 -0.01385745  -0.003563568350
  0.01165674  -0.003807058301
 -0.01021583   0.010272959108
 -0.01001671   0.010423398539
 -0.00968023   0.010606495121
  0.01088298  -0.005125510414
  0.00362864  -0.012396925299
 -0.00572601  -0.011955718493
  0.00055197  -0.013697712606
 -0.00960019  -0.010643031509
 -0.00046501  -0.013826883109
  0.00040602  -0.013832993446
  0.00950289   0.008710966723
 -0.01355400  -0.003954114668
 -0.01380391  -0.002828561727
 -0.01325239  -0.004518533289
  0.00602757  -0.011177573750
 -0.01021585   0.010132847333
 -0.01046806   0.009850795014
 -0.00979385   0.010509586605
 -0.01036127   0.009935002923
 -0.00955789   0.010463423468
 -0.00989489   0.010382634500
 -0.01025091   0.010026305496
 -0.00969318   0.010413489419
 -0.01001307   0.010257762422
 -0.00972528  -0.010551326358
 -0.01054921  -0.009613157438
  0.00027624  -0.013817112361
 -0.00028438  -0.013825337630
 -0.00008111  -0.013914870804
  0.00038088  -0.013641390993
 -0.00020283  -0.013827752669
 -0.00978434  -0.010454007457
 -0.01041695  -0.009728901608
 -0.00954689  -0.010502552143
 -0.01001397  -0.010208682638
 -0.00000233  -0.013813988160
 -0.00043916  -0.013555820936
  0.00021397  -0.013631117354
  0.00005956  -0.013701652411
  0.01028333  -0.006250454746
 -0.01489469   0.000194901642
 -0.01481243  -0.000145767851
 -0.01243268  -0.005858731963
 -0.00984712   0.010351430603
 -0.01083341  -0.008521351502
 -0.01029605   0.009837679610
 -0.01021746   0.010045350551
 -0.01035183  -0.009724112818
 -0.01017285  -0.010009226048
 -0.01001968  -0.010139652022
 -0.01007782  -0.010041632885
  0.01137765  -0.003350873182
  0.00437025   0.011688809648
  0.00754480   0.010000895150
 -0.00020972  -0.013540090692
 -0.00444872  -0.012238653389
 -0.01470278   0.000413665035
 -0.01456872  -0.000644515079
 -0.01257390   0.005201869371
 -0.01158343   0.006966322416
 -0.01468453   0.000330867166
 -0.01471741  -0.000062056503
 -0.01467593  -0.000246155192
 -0.01212292   0.005996514237
 -0.01173335   0.006065670808
 -0.00936726   0.010401773947
 -0.01030428   0.009790014793
 -0.00930284  -0.010465387574
 -0.01003641   0.010162087417
 -0.01027660  -0.009759113388
 -0.00942224  -0.010460355870
 -0.00974595  -0.010273400628
 -0.00991727   0.010230321577
 -0.01035412   0.009511469285
 -0.01007219   0.010109956460
 -0.01017109   0.009879142610
  0.01032274   0.006235498783
  0.01107037   0.004118243547
  0.01167988  -0.001589442791
  0.01142821  -0.002593702200
  0.00918101  -0.008299035711
 -0.00004235  -0.013557118238
  0.00005242  -0.013513719125
 -0.00003200  -0.013318138266
 -0.01213930  -0.006018308761
 -0.01428641  -0.001012476840
 -0.01469828   0.000128806983
 -0.01268593   0.004383451598
 -0.01044503  -0.009275487899
 -0.01040199  -0.009440328499
 -0.01451475   0.000460045973
 -0.01453255  -0.000363161314
 -0.00964761  -0.010342086280
 -0.00958896   0.010254393527
 -0.01455475   0.000202062233
 -0.01031240  -0.009586005576
 -0.00971238   0.010210993600
 -0.01454936   0.000028086813
 -0.01440325  -0.000383080576
 -0.01018200   0.009601540813
 -0.01451330  -0.000156866996
 -0.01013500  -0.009878659363
 -0.00999134   0.010018673573
 -0.00961241  -0.010224144977
 -0.01007539  -0.009889209032
 -0.00978057  -0.010119959481
 -0.01001106   0.009935349579
 -0.00974014   0.010093587990
 -0.00992011   0.010013044526
 -0.01002109   0.009842011821
  0.00985434   0.006915983818
  0.01112906   0.003071852915
  0.00503011  -0.011273727150
 -0.01270566  -0.004635496430
 -0.00957087   0.010184150951
 -0.00931754  -0.010249508841
 -0.00977467  -0.010057732011
 -0.00985603  -0.009936143333
 -0.00992595  -0.009911823660
 -0.01196349   0.005463661183
 -0.01258992  -0.004590963060
 -0.01166929  -0.006155086675
 -0.00944860   0.010117980672
 -0.01008547   0.009577911481
 -0.00892255  -0.010181163627
 -0.01005328   0.009634968301
 -0.00951761   0.010029995785
 -0.01024099  -0.008848688595
 -0.00992740   0.009855974681
 -0.00949028  -0.010211925090
 -0.00997455   0.009673813233
 -0.01024277  -0.009345201237
 -0.01020876  -0.009416708233
 -0.00953090  -0.010137612297
 -0.00979860   0.009928799341
 -0.01402455   0.000790240046
 -0.01425836   0.000586969867
 -0.01440779  -0.000240197352
 -0.00967292   0.009960806067
 -0.01442511   0.000321588665
 -0.01420992  -0.000486583491
 -0.00961346   0.009941767638
 -0.01425067   0.000488135320
 -0.01011959  -0.009647990612
 -0.00998404  -0.009788749807
 -0.00968979  -0.010022265556
 -0.01430912   0.000374058610
 -0.01435010  -0.000105194773
 -0.00986535  -0.009847578303
 -0.01435355   0.000096940273
 -0.01433505  -0.000004229311
 -0.01405439   0.000540050957
 -0.01001161  -0.009675585513
 -0.01003441  -0.009525482149
 -0.01416799  -0.000288611955
 -0.01428333  -0.000139248115
 -0.00974642   0.009829374241
 -0.01428892   0.000155958675
 -0.01425026   0.000260428836
 -0.00976351  -0.009740547213
 -0.00605119  -0.011237768385
 -0.01116549   0.006619087175
 -0.01255951   0.003647031579
 -0.01223317  -0.004984353976
 -0.01384460  -0.000652679842
 -0.01414646   0.000356936582
  0.01142769  -0.000886551418
  0.00838159  -0.008961801450
  0.01080381  -0.003514063651
  0.00541871  -0.010940841513
  0.00771204   0.009452714752
  0.01007430   0.005644383289
  0.00982161   0.006136118487
  0.00166925   0.012292011305
 -0.01274663  -0.003498954967
 -0.01267549   0.003099518519
 -0.00990610   0.009333758112
 -0.00994985   0.009500114158
 -0.00930167   0.009915807302
 -0.01410403  -0.000271472648
 -0.01423561  -0.000053212933
 -0.00966194  -0.009839825926
 -0.00276505  -0.012208197722
 -0.00434266  -0.011509773684
 -0.01205124   0.004655810747
 -0.01183370  -0.005360756323
 -0.01135338   0.005895959819
 -0.00944610   0.009894899690
 -0.00986225  -0.009509397185
 -0.00924038  -0.009864459219
 -0.01225031  -0.004299711338
 -0.00974096   0.009722681293
 -0.00935557   0.009731981314
 -0.00955462  -0.009834466750
 -0.00984861   0.009599954587
 -0.00949699  -0.009767251235
 -0.00978564   0.009611995253
 -0.00959067   0.009684498800
 -0.00957989  -0.009531569298
 -0.00962239   0.009462378768
 -0.01406936  -0.000196618046
 -0.01403998   0.000322398556
 -0.01398235  -0.000272727621
 -0.01390690   0.000422686211
 -0.01376630   0.000462851887
 -0.01381191  -0.000319546624
 -0.01397903  -0.000229883234
 -0.01411155   0.000096345643
 -0.01410083   0.000158317674
 -0.01351668   0.000543909395
 -0.01400714   0.000029369689
 -0.01400045   0.000115318379
 -0.01371997  -0.000108216935
 -0.01387688   0.000288862122
 -0.01390006   0.000092403587
 -0.01377839   0.000221683822
 -0.01368283   0.000082579072
  0.01129714   0.000430653090
  0.01095707   0.002593399499
  0.00658439  -0.010143002752
  0.00604921  -0.010419660024
 -0.00005055  -0.012781935571
  0.00194774  -0.012137963887
  0.01043158   0.003799186581
  0.00939993  -0.006064124390
  0.00595793   0.010293092444
  0.00314442   0.011623969906
  0.00998280   0.004820835814
  0.00380194  -0.011457343207
 -0.00464683   0.011396924366
 -0.00561311   0.010913653386
 -0.00496030  -0.011214366477
 -0.01260243  -0.002816990671
 -0.01118409  -0.006032950233
 -0.00959108  -0.009139396487
 -0.01163253   0.004540989186
 -0.01124239  -0.005655310192
 -0.01219840  -0.003668615299
 -0.01353703  -0.000008896349
 -0.01249336  -0.002237744760
  0.01024356  -0.003474149465
  0.00950331  -0.005603897549
  0.01063417   0.001851862113
  0.00915493   0.006595484241
  0.00945292  -0.005355129924
  0.00924065   0.005894351372
  0.00938087   0.005533937064
  0.00601966   0.009812933229
  0.00712910   0.008829272690
  0.00499968   0.010281470076
 -0.00355751   0.011510061279
 -0.00506261  -0.011087575162
 -0.01073536   0.005999925869
 -0.00034645  -0.011925645642
  0.01009247  -0.001796671507
  0.00138208   0.011509565376
  0.00517741  -0.009999806090
  0.00648230  -0.009051858095
 -0.00778401  -0.009551390251
  0.00253142  -0.011169165850
  0.00216462   0.011136665076
 -0.01058434  -0.006195879669
 -0.01128563  -0.004789259612
  0.00818398   0.006871381319
  0.00754786   0.007752378910
 -0.01186088   0.003051726311
  0.00869398  -0.005783872934
 -0.00206784  -0.011438910161
 -0.00975077  -0.007282243930
  0.00877096   0.005525687963
 -0.00370950   0.011003242732
 -0.01030706   0.006692001272
  0.00255666  -0.010952358410
 -0.01168006  -0.003561552162
 -0.01150293   0.003808429387
  0.00835167  -0.006141668233
  0.00950850   0.002580215514
 -0.01053384   0.005737236239
 -0.01012605   0.006468580159
 -0.00242252   0.011060696132
  0.00270820   0.010714926691
 -0.00287308  -0.011092715943
  0.00623940   0.008748091334
 -0.01024719   0.005989962021
  0.00895872  -0.003747113128
  0.00649129  -0.008333837471
  0.00927666  -0.002278253603
  0.00584518   0.008903728520
 -0.00660000   0.009416016264
 -0.00398983   0.010533737718
  0.00846473  -0.004869070746
  0.00194008   0.010744115215
  0.00421627  -0.009862816641
 -0.01134955  -0.003011146537
 -0.00878804   0.007662787361
 -0.01155204  -0.001626732846
 -0.01063454   0.004734723636
 -0.00294990   0.010751302003
 -0.00267457   0.010782331053
 -0.00520224  -0.009852195322
 -0.00959829   0.006508841954
 -0.00401189  -0.010300123091
 -0.01140776   0.000776846922
 -0.01127344   0.001846247081
 -0.00110549   0.010743474615
 -0.00986654  -0.005587497903
 -0.00409020   0.010149910599
 -0.01045914   0.004232863890
  0.00140729  -0.010423784608
 -0.00969346   0.005779269421
 -0.00416529  -0.009985347165
 -0.00877588   0.006828363213
 -0.01092362  -0.002128346949
 -0.01087544   0.002290477114
  0.00730745  -0.006528063255
 -0.01028392  -0.003871118129
  0.00908146   0.002097391801
 -0.00255997   0.010338678723
  0.00126802   0.010366183950
  0.00189314   0.010226555433
 -0.00667028  -0.008321838285
  0.00757253   0.005922275224
 -0.00504666   0.009197884353
 -0.00544768  -0.008968564444
 -0.00086945  -0.010134554997
  0.00881610  -0.000073699104
  0.00211744   0.009888911629
 -0.00895735  -0.005732641294
  0.00575656  -0.007761378564
  0.00665584   0.006782461850
  0.00563551   0.007842164942
  0.00813215   0.004032235709
 -0.00897340   0.005562902410
 -0.00267071   0.009890089162
  0.00769516  -0.004721265552
  0.00710018  -0.005723757170
  0.00270954   0.009495219778
  0.00815264   0.003359362536
  0.00482460   0.008113230037
  0.00676748   0.006017972688
  0.00145101  -0.009551144602
  0.00647937  -0.006166544885
  0.00814742  -0.002729817404
  0.00812585  -0.001916921610
  0.00787880  -0.003290080828
  0.00794881   0.002161981444
  0.00786584   0.002715799852
  0.00779104   0.003200910882
  0.00787955  -0.003040884375
  0.00749596  -0.003715047465
  0.00784022  -0.002295390599
  0.00756365   0.003523179689
  0.00769954   0.002940913849
  0.00767352   0.003094802268
  0.00772223  -0.002808836197
  0.00778645   0.001861388748
  0.00763925  -0.002906448424
  0.00764943  -0.002567181766
  0.00738690  -0.003471425274
  0.00744924  -0.003237481728
  0.00756398  -0.002794830475
 -0.01032749  -0.000449977298
 -0.00998399   0.002173438886
 -0.01006876   0.000518559274
 -0.00666160   0.007421006331
 -0.00094687   0.009819517630
 -0.00749133  -0.006397876450
 -0.00833944  -0.005498179456
 -0.00601032   0.007822450320
  0.00005435   0.009749108536
 -0.00920590   0.003634558902
 -0.00174032  -0.009475150479
  0.00171764  -0.009427500180
  0.00305704  -0.009125209888
 -0.00531562   0.007985125772
  0.00167531   0.009062237420
  0.00232542  -0.008926390501
 -0.00102295  -0.008678356864
  0.00499095  -0.007546047462
  0.00415150   0.007680109199
  0.00633497  -0.004908476083
  0.00687836  -0.004362089455
  0.00773462  -0.001060490420
  0.00741411   0.000350792040
  0.00734107   0.003738699672
  0.00746347   0.001706728592
  0.00721890  -0.003645431499
  0.00740129   0.003531611859
  0.00710278   0.003778621519
  0.00724657  -0.001207225019
  0.00717030  -0.003547849117
  0.00730743  -0.003409304490
  0.00752498   0.003203740317
  0.00703862   0.003603794073
  0.00692062   0.003612406282
  0.00746351   0.002625005411
  0.00734007   0.002426853532
  0.00756826  -0.002307908787
  0.00741975   0.003155819315
  0.00674573  -0.003654921737
  0.00747041  -0.002173195217
  0.00748132   0.003014014875
  0.00749697   0.002901367311
  0.00718590   0.003370145975
  0.00732021   0.003242027485
  0.00743115  -0.003026785502
  0.00722158   0.003238032286
  0.00745494  -0.002449170225
  0.00739029   0.002948129495
  0.00729689  -0.003129208968
  0.00734694   0.002796440290
  0.00741966  -0.002582158787
  0.00741577  -0.002776416023
  0.00719524  -0.003221019744
  0.00724707   0.003020195124
  0.00733082  -0.002848854828
  0.00732248  -0.002927789285
  0.00727735   0.002852528270
  0.00700797  -0.003312675149
  0.00721016  -0.002369894208
  0.00724941  -0.002681369605
  0.00711847   0.003181088481
  0.00700983   0.003283089052
  0.00712741   0.002900504524
  0.00706383  -0.003008513279
  0.00712056  -0.002818618728
  0.00710210  -0.002666022742
 -0.00948264  -0.000076880061
 -0.00785807  -0.005303701184
 -0.00572517  -0.007391682325
 -0.00915655   0.001698248142
 -0.00846658  -0.004231836129
 -0.00417849  -0.008344078491
 -0.00427447   0.008254525443
 -0.00902616  -0.000228205589
 -0.00142994  -0.008849894944
 -0.00818603  -0.004054339884
 -0.00516211   0.007175334788
 -0.00308359   0.008542617685
  0.00106121   0.008613470525
  0.00725210  -0.000810606122
  0.00711556   0.001357279031
  0.00675307  -0.003336377924
  0.00652813   0.003841935604
  0.00696404  -0.001164695806
  0.00685110  -0.003113820090
  0.00681309   0.003479731862
  0.00691686   0.003431020683
  0.00715277   0.002447979718
  0.00700450  -0.002934262784
  0.00679415   0.003371868613
  0.00712973  -0.002085431592
  0.00692350   0.003253537320
  0.00702073   0.002548523684
  0.00706607  -0.002244304900
  0.00697961  -0.002028988988
  0.00695533   0.003154475301
  0.00706994  -0.002609533675
  0.00704066  -0.002364079914
  0.00706193   0.002678548053
  0.00705810   0.002763694245
  0.00693276  -0.002492225559
  0.00687935  -0.002769122827
  0.00694867   0.003031794804
  0.00695678   0.002867973153
  0.00694488   0.002718748565
 -0.00766460  -0.004805884979
 -0.00683907   0.005502619944
 -0.00869851   0.001310471196
 -0.00489431  -0.007449689001
 -0.00718991  -0.005187253292
 -0.00566775  -0.006655046080
 -0.00840763   0.002487215231
 -0.00552283  -0.006673724315
 -0.00112351   0.008648622569
 -0.00844773  -0.000876540411
 -0.00120083  -0.008596528630
 -0.00257044  -0.008434451146
  0.00224784  -0.008227902422
  0.00350733   0.007866222678
  0.00138847  -0.008142848363
  0.00456607   0.006911984075
  0.00406648  -0.007453694358
  0.00476590  -0.006661409481
  0.00477604  -0.006357756350
  0.00541055  -0.004640503031
  0.00632503   0.004004542867
  0.00646033  -0.003583515710
  0.00686321   0.000803445105
  0.00664435  -0.003114724791
  0.00673417  -0.002945467729
  0.00667105   0.003198718901
  0.00679717   0.002467482302
  0.00677381  -0.002566429554
  0.00673760   0.003040179464
  0.00676732   0.002648450391
  0.00669982   0.002838555016
 -0.00839439  -0.001093893728
 -0.00810257  -0.003346725335
 -0.00767432   0.003890966658
 -0.00644732   0.005230463556
 -0.00354670   0.007913244880
 -0.00797765   0.003057126402
 -0.00481669  -0.006815812517
 -0.00503141  -0.006576611681
 -0.00807139  -0.002694813512
 -0.00364494   0.007795307785
 -0.00488359   0.006535125346
 -0.00696928   0.004416562156
 -0.00797393   0.000131244690
 -0.00300126   0.008027567928
 -0.00288041   0.008052570360
 -0.00036416  -0.007982782773
  0.00333790  -0.007651782047
  0.00307832   0.007766596559
  0.00327976   0.007674253401
  0.00311247  -0.007683592524
  0.00422626  -0.006738794381
  0.00599883   0.004032459462
  0.00659888  -0.000191099838
  0.00636324   0.003459214807
  0.00649854  -0.002870992806
  0.00653907   0.003039864432
  0.00655879  -0.002471921100
  0.00647362  -0.002636725315
 -0.00805906  -0.001899892585
 -0.00546644  -0.005747294176
 -0.00735176  -0.003978831612
 -0.00788248  -0.000180616926
 -0.00788016   0.002130079517
 -0.00314812  -0.007884162051
 -0.00776889  -0.003171601025
 -0.00554822   0.005478877406
 -0.00706763   0.004041997346
 -0.00743917   0.003586622949
 -0.00752450  -0.003578131808
 -0.00465765   0.006461409767
 -0.00780358  -0.001383540272
 -0.00111288  -0.007788044474
 -0.00258970   0.008015575146
 -0.00310075   0.007858655990
 -0.00242046   0.007956555831
 -0.00329897   0.007617348058
  0.00263264  -0.007718258528
  0.00178179   0.007736703246
  0.00341319   0.007469998194
  0.00356175  -0.007310081247
  0.00281362   0.007729913751
  0.00237063   0.007714680407
  0.00352823   0.007319266179
  0.00355791   0.007239748211
  0.00317322   0.007541075477
  0.00558518  -0.004082886007
  0.00647553  -0.001106987589
  0.00640177  -0.002243015989
  0.00642857   0.002367516235
  0.00642087   0.002762671582
 -0.00373389  -0.007409489669
 -0.00264591  -0.007926293317
 -0.00503571  -0.005901528190
 -0.00635357  -0.004584813362
 -0.00047071  -0.007539360555
  0.00324439  -0.007504008576
  0.00231729  -0.007586095543
  0.00443689  -0.005725226150
 -0.00748746  -0.000550857844
 -0.00766018   0.002762247187
 -0.00762325   0.003120252957
 -0.00713855   0.003774825118
 -0.00582812   0.004842994946
 -0.00619900   0.004499781016
 -0.00744749   0.003350226209
  0.00517448   0.004618519190
 -0.00360894   0.007346472627
 -0.00335450   0.007555701409
 -0.00387047   0.006945497840
  0.00419177   0.005922801471
 -0.00313906   0.007670380825
 -0.00749869   0.003205823607
  0.00324980   0.007434182902
 -0.00352472   0.007276463624
 -0.00294507   0.007742561415
  0.00363709   0.006964248706
  0.00174048  -0.007406582970
  0.00306983  -0.007497351417
 -0.00676719  -0.004047312927
  0.00318601  -0.007437887983
 -0.00752339  -0.003281258446
 -0.00770348  -0.002486296726
 -0.00766021  -0.002841416475
  0.00362358  -0.007024221273
  0.00530427  -0.003794912838
 -0.00113816  -0.007366673958
 -0.00298606  -0.007721184988
 -0.00355779  -0.007272615306
 -0.00334644  -0.007448430716
 -0.00159381   0.007605585195
 -0.00212392   0.007755677540
 -0.00327378  -0.007494205154
 -0.00306403  -0.007614888966
 -0.00703870   0.003688756206
 -0.00755622   0.002911037198
  0.00289059   0.007523397091
 -0.00333218   0.007369138267
  0.00321186   0.007364202635
  0.00346176   0.007107527027
  0.00622121  -0.002051004436
  0.00276734  -0.007472774217
 -0.00518087  -0.004958033959
 -0.00451761   0.005760464888
 -0.00759502  -0.002679150574
 -0.00730847  -0.003408384633
 -0.00713973  -0.003559784772
 -0.00698215  -0.003688711235
 -0.00298361   0.007610736865
 -0.00712012   0.003569558725
 -0.00752987  -0.002863828954
 -0.00361949   0.006945436591
 -0.00744612   0.002501798248
 -0.00332973   0.007265850214
 -0.00721346   0.003405423346
 -0.00739320   0.003111853516
 -0.00728779   0.003293265710
 -0.00701023   0.003587304640
  0.00328469   0.007209900610
  0.00338914   0.007083001540
  0.00275931   0.007501481338
  0.00339201  -0.007151727276
  0.00240692   0.007478751668
  0.00329380  -0.007204515033
 -0.00084684   0.007312074244
  0.00286972  -0.007392931716
 -0.00711158  -0.000798575572
 -0.00219448  -0.007618876104
 -0.00754487  -0.002704270411
 -0.00689728  -0.003678328081
 -0.00263730  -0.007687711534
 -0.00337072  -0.007276509081
 -0.00367373  -0.006858333049
 -0.00348849  -0.007139384600
 -0.00335152   0.007191191359
 -0.00259970  -0.007644145813
 -0.00739048  -0.003136240976
 -0.00284645   0.007616418959
 -0.00314644  -0.007397165522
 -0.00744583   0.002802285590
 -0.00741663   0.002668502562
 -0.00381284  -0.006525050283
 -0.00288379  -0.007551742011
 -0.00307348  -0.007405466011
  0.00216154   0.007385554093
  0.00256678   0.007460351216
  0.00341491   0.006895090109
  0.00352096   0.006490597082
  0.00312345   0.007218025298
 -0.00276831   0.007619783932
 -0.00232489   0.007606039214
 -0.00274577   0.007576477564
  0.00405857  -0.005055641315
 -0.00307685   0.007375831303
 -0.00353343   0.006764830801
 -0.00664466   0.003746123644
 -0.00305627   0.007297751176
 -0.00695885   0.001322006707
  0.00359168  -0.006735387107
  0.00314248  -0.007249276785
 -0.00685593   0.003554863423
  0.00303450  -0.007282775392
  0.00277846  -0.007329597240
 -0.00734312   0.002936543721
  0.00247435  -0.007290331422
  0.00351755  -0.006641814011
  0.00329946  -0.007065082602
  0.00245150  -0.007277706718
 -0.00711427   0.003263930426
  0.00338934  -0.006909742783
 -0.00368211  -0.006631399999
 -0.00298913  -0.007478517545
 -0.00713900   0.003217408553
 -0.00702246  -0.001501983876
  0.00315739  -0.007088600735
 -0.00737218  -0.002931750414
 -0.00726768  -0.003182884836
 -0.00350445  -0.006865460557
 -0.00695389  -0.003434252739
 -0.00278934  -0.007490552916
 -0.00234569  -0.007462294208
 -0.00255194  -0.007503832732
 -0.00718406  -0.003124015802
 -0.00730736  -0.002980511899
 -0.00708041  -0.003238407682
 -0.00699835  -0.003316851409
 -0.00281739  -0.007465281492
 -0.00325143  -0.007096961049
 -0.00302393  -0.007307023440
  0.00299061   0.007284687680
  0.00285100   0.007327609849
  0.00200103  -0.006993600215
 -0.00235160   0.007589647165
 -0.00522836   0.004541590195
 -0.00307884   0.007226457741
 -0.00665688   0.000190736560
 -0.00731568  -0.002703135939
 -0.00649743   0.003666207257
 -0.00730153   0.002830059008
 -0.00725075   0.002954719174
  0.00326665   0.007029503450
  0.00276533   0.007328769772
  0.00242781   0.007286874029
  0.00303940   0.007188924052
 -0.00093984   0.006983042188
  0.00319918   0.006943657787
  0.00246449   0.007251682051
  0.00304613   0.007095901345
 -0.00027840   0.006718615743
  0.00353234  -0.005795297580
 -0.00667756  -0.003544177728
 -0.00726955  -0.002574906441
 -0.00681793  -0.003455720380
 -0.00719082   0.003049251015
 -0.00620441  -0.003687297502
 -0.00691823   0.003359963836
 -0.00317486   0.007039418253
 -0.00212775  -0.007332014652
 -0.00701162   0.003238128886
  0.00327940  -0.006888381780
  0.00280625  -0.007216642294
  0.00335982  -0.006099159470
 -0.00305520   0.007141941709
 -0.00282600   0.007334996012
  0.00287977  -0.007174195883
  0.00323222  -0.006908660813
  0.00336492  -0.006617011604
  0.00235737  -0.007044973389
 -0.00247578  -0.007407743884
 -0.00338646  -0.006831087146
  0.00292437  -0.007138545869
 -0.00703646  -0.002106130517
 -0.00682555   0.003354477583
 -0.00273225  -0.007379553412
 -0.00308425  -0.007166916878
 -0.00201977  -0.007220357746
  0.00266266  -0.007148824253
 -0.00315709  -0.007093686804
 -0.00329301  -0.006916176268
  0.00327043  -0.006736733190
 -0.00252759   0.007470423498
  0.00235653   0.007196027796
  0.00260856   0.007253891834
  0.00207512   0.007026163210
  0.00330480   0.006756139647
  0.00294565   0.007187525713
 -0.00720010   0.002762574664
  0.00302897  -0.007009362730
  0.00263941  -0.007082441303
 -0.00279977  -0.007298619170
 -0.00711428  -0.002423283969
 -0.00707761  -0.003045055483
  0.00499315   0.003883008457
 -0.00672966   0.003341902470
 -0.00704873   0.002993881992
 -0.00693383   0.003179084663
  0.00334338   0.006190122204
 -0.00688161   0.003169644487
  0.00308725   0.007041090508
  0.00322454  -0.006581706102
 -0.00339079   0.006607697687
  0.00308198   0.006991660120
 -0.00701058  -0.002263594426
  0.00279678   0.007186161767
 -0.00683386  -0.003251197646
 -0.00713557  -0.002871856677
 -0.00679228  -0.001981216175
 -0.00713066  -0.002650127478
  0.00307034  -0.006879496344
 -0.00264827   0.007394747348
  0.00267115  -0.007020099900
 -0.00327257  -0.006757618241
  0.00323997   0.006550382984
 -0.00321859   0.006830132437
 -0.00212936   0.007290269342
 -0.00645762  -0.003405219362
 -0.00308239  -0.006946672286
 -0.00281597   0.007246578521
 -0.00297839  -0.007080422038
 -0.00240794  -0.007247204283
 -0.00308321   0.006909364992
 -0.00290446  -0.007079417324
 -0.00287857   0.007110958895
 -0.00257487   0.007355642978
 -0.00704283  -0.002861718147
  0.00233845   0.007038215783
  0.00244634  -0.006875265313
 -0.00127711  -0.006489521066
  0.00257803  -0.006948006319
 -0.00703391   0.002450681417
  0.00273359  -0.007007873007
 -0.00707618   0.002834413398
 -0.00340570  -0.006454081852
 -0.00326443   0.006624445380
 -0.00259262  -0.007220456652
 -0.00333066  -0.006594471464
 -0.00266644   0.007273541388
  0.00496089  -0.003427557884
 -0.00689931   0.002959639631
 -0.00694729  -0.002523647873
 -0.00689467  -0.002997719467
 -0.00677730  -0.003132074355
 -0.00700746  -0.002702459993
  0.00134285   0.006483827002
 -0.00211099  -0.007064398249
  0.00316508  -0.006402483372
  0.00230191  -0.006739874581
  0.00299332  -0.006875544427
  0.00310838  -0.006685508975
 -0.00279213  -0.007142266208
  0.00264263   0.007092560813
  0.00307343  -0.006747569625
 -0.00232598  -0.007161341144
  0.00306110   0.006846414307
 -0.00247422   0.007311033980
  0.00282520   0.007041610684
  0.00288271   0.006986123012
 -0.00303199   0.006843433970
 -0.00272298   0.007157237578
  0.00312021   0.006638802766
  0.00287560  -0.006910842305
 -0.00301921  -0.006918034255
  0.00241547   0.006969131771
 -0.00281827   0.007044182920
 -0.00654529  -0.003219110719
 -0.00240610   0.007272934991
  0.00307918   0.006725276128
  0.00279116  -0.006886262968
 -0.00321685  -0.006621548281
  0.00293000   0.006884390674
  0.00470751   0.004052731333
 -0.00686671   0.002346167577
 -0.00698660   0.002660212917
 -0.00200019  -0.006836102764
  0.00310737   0.006389153222
  0.00286418  -0.006793144123
 -0.00207787   0.007123094079
 -0.00234018   0.007238195047
  0.00269095   0.007004018773
 -0.00302202  -0.006809512382
  0.00591381   0.000778464148
  0.00266828  -0.006886976865
  0.00294470  -0.006676971882
  0.00233317  -0.006507344520
 -0.00010778  -0.006021907065
  0.00226264   0.006769511306
 -0.00303108   0.006764191460
 -0.00687475  -0.002870672348
 -0.00241351  -0.007096641832
 -0.00287137   0.006947305859
 -0.00687881  -0.002686244201
  0.00294482   0.006762107381
  0.00255516   0.006894754558
 -0.00645880   0.003263256929
 -0.00667114  -0.002330505837
 -0.00287755  -0.006894647138
 -0.00685431   0.002901511620
  0.00292452   0.006652509375
 -0.00690658   0.002754519944
 -0.00663886   0.003074029634
 -0.00679174  -0.002770168195
 -0.00666029  -0.002915602314
 -0.00235341   0.007140971761
 -0.00311670  -0.006535135866
 -0.00277604  -0.006959218086
 -0.00265147  -0.007007448336
 -0.00254827   0.007129319978
  0.00521312   0.003309745879
  0.00253677  -0.006615723050
  0.00282484  -0.006526775745
 -0.00105592   0.006516032477
  0.00281031  -0.006636505971
  0.00201334  -0.006076946461
 -0.00640853  -0.003085541631
 -0.00338763  -0.005567189772
 -0.00248484  -0.007029410434
 -0.00204288   0.006953083030
 -0.00331192   0.006134726262
  0.00260313   0.006756480326
 -0.00211926  -0.006631255046
 -0.00283087   0.006873955647
  0.00237105   0.006555298788
  0.00271788   0.006707096151
 -0.00270598  -0.006868197805
 -0.00262519   0.006942908870
 -0.00678060   0.002572107640
 -0.00678186   0.002695431710
 -0.00650911   0.002999355095
 -0.00620628   0.003208727972
 -0.00244930   0.006966541836
  0.00571970  -0.002335985223
  0.00272747  -0.005938697509
 -0.00486672   0.004202113744
 -0.00659739  -0.002728661551
 -0.00307198  -0.006122072141
 -0.00304979  -0.006399692721
  0.00571827  -0.000422826454
  0.00569618  -0.001828630154
  0.00539530   0.003037236298
  0.00402054   0.004447805847
  0.00290510   0.005897601982
  0.00277524  -0.006318912197
  0.00262525  -0.006469133573
  0.00259185   0.006248483455
 -0.00650776  -0.002857189675
 -0.00525997   0.003813147856
 -0.00614871  -0.002908698231
  0.00245267  -0.005797622362
 -0.00344897   0.005478565522
 -0.00622558   0.001306750023
 -0.00294467   0.006563138864
 -0.00265626   0.006824673136
 -0.00229832  -0.006630903164
 -0.00244409  -0.006883057527
 -0.00237743  -0.006764089443
 -0.00233317   0.006908242347
 -0.00220175   0.006749484705
 -0.00280584  -0.006643693946
 -0.00640614   0.002455204493
 -0.00652683   0.002743653047
 -0.00286872  -0.006515480569
 -0.00272557  -0.006688105167
 -0.00275651  -0.006448757711
 -0.00261944  -0.006738899404
  0.00540211  -0.002448608301
  0.00479480  -0.002731017990
 -0.00277687   0.006575147461
  0.00556444   0.001529651664
  0.00530750   0.002254618082
  0.00107953  -0.005536527315
 -0.00545724  -0.002950420254
  0.00184281   0.005848512144
 -0.00375038   0.004966905681
 -0.00228115   0.006541644861
 -0.00291565   0.006248194105
 -0.00610570   0.002364899037
 -0.00474011  -0.003413314241
 -0.00040120   0.005918000505
 -0.00204583  -0.005723561174
 -0.00258361   0.006660969745
 -0.00246040   0.006702293214
 -0.00271093   0.006411560333
 -0.00564467   0.002780839559
 -0.00126150   0.005876752226
 -0.00238853   0.005900415413
  0.00502330   0.003005328628
  0.00523602  -0.001758729015
  0.00364379  -0.003733966681
  0.00526850   0.000773923971
 -0.00568899  -0.001664941159
  0.00278430  -0.004596951530
 -0.00571108   0.001148377337
 -0.00047047  -0.005365794119
  0.00231409   0.005405482469
  0.00278353   0.004956046854
  0.00093675   0.005575669034
  0.00505010  -0.000876591446
 -0.00092150   0.005761210430
  0.00465794   0.002861264649
 -0.00477905   0.003458513297
 -0.00522105  -0.002563779820
  0.00425533   0.003243303476
  0.00372154   0.003777370563
 -0.00283392  -0.004795797244
  0.00318223   0.004195291261
 -0.00004286   0.005518150081
 -0.00483748   0.003104423624
 -0.00248241   0.005411900614
  0.00487625   0.001826966678
  0.00432664  -0.002432855229
 -0.00531126   0.002003271525
  0.00437778  -0.001845514814
  0.00209225  -0.004487161994
  0.00216082   0.004904965402
  0.00443691  -0.001300710755
 -0.00519980  -0.000259682675
  0.00200310  -0.004280576173
  0.00233648  -0.003988211071
 -0.00498791   0.002369977721
  0.00280057  -0.003448456198
  0.00382923   0.003036025878
 -0.00431087   0.003225996106
 -0.00292827  -0.004225937999
 -0.00377874  -0.003506517479
 -0.00124994  -0.004745040978
 -0.00054131   0.005060362802
  0.00408166   0.002308255595
  0.00197349   0.004411748559
 -0.00109687   0.004964521347
 -0.00342683   0.003657091499
 -0.00128335   0.004832511200
  0.00106346   0.004590871441
 -0.00467096  -0.001739520338
  0.00071646  -0.004208651083
  0.00398640   0.000341070076
 -0.00420585   0.002560779375
 -0.00014282   0.004724410443
 -0.00255060   0.004122169405
 -0.00477228   0.000683205470
 -0.00350754   0.003244225432
 -0.00284118  -0.003831399242
 -0.00062859  -0.004433899711
  0.00299838   0.003161376660
 -0.00088829  -0.004333109993
  0.00381000   0.002110051583
 -0.00320759  -0.003076021971
  0.00365088   0.001620182201
 -0.00450340   0.000338031455
 -0.00265724  -0.003539619939
 -0.00381896  -0.002259694621
 -0.00418177  -0.001514880534
 -0.00416053   0.002069465818
  0.00157400  -0.003748816479
  0.00231954   0.003359068857
 -0.00020619  -0.004037239019
 -0.00172672  -0.003772601487
 -0.00201428   0.003951965901
 -0.00429032  -0.000074359630
 -0.00337276  -0.002513484337
 -0.00403194  -0.001432884248
 -0.00103908   0.004126501926
  0.00189930   0.003568197474
 -0.00061870   0.004135677357
  0.00202082  -0.003249054892
  0.00247336  -0.002635153414
  0.00016396   0.003908780657
  0.00015539  -0.003813231177
  0.00282379   0.001912135047
 -0.00075513  -0.003827683969
  0.00143961  -0.003265383513
 -0.00386525   0.000853464148
 -0.00389945  -0.000142927039
 -0.00350474  -0.001716583115
 -0.00291233   0.002178568014
 -0.00233419  -0.002705395713
 -0.00362523  -0.000902216855
 -0.00356709   0.000181693370
 -0.00329090  -0.001274116031
 -0.00086923  -0.003045881238
 -0.00306944  -0.000876070122
  0.00006424  -0.002874570536
  0.00121589  -0.002404493997
  0.00200496  -0.001381480583
  0.00130687   0.001952486045
  0.00185987   0.000868336603
 -0.00001824   0.002175331017
 -0.00229365  -0.000270392693
 -0.00143689  -0.001654533730
 -0.00204519   0.000498070700
  0.00113499   0.001294176409
  0.00033245  -0.001628313411
 -0.00153580  -0.000362371893
 -0.00001700   0.001464394173
  0.00114151   0.000681053869
 -0.00038188  -0.001240457012
  0.00003858   0.001276827889
  0.00036258   0.001141377599
 -0.00086705   0.000753059193
  0.00094989  -0.000437750066
  0.00014160   0.001128226711
 -0.00030696  -0.000904012832
 -0.00102162   0.000023603918
 -0.00092635  -0.000243243191
  0.00046571  -0.000827590934
 -0.00058424  -0.000656719214
 -0.00049899  -0.000703541495
  0.00088518   0.000506097104
 -0.00051741   0.000834107512
 -0.00006700  -0.000832054643
  0.00009156  -0.000832535415
 -0.00086259   0.000240236020
  0.00097387  -0.000011110648
 -0.00064564   0.000629453921
  0.00005480  -0.000795815587
  0.00051722  -0.000683984385
  0.00036815  -0.000745326587
 -0.00082799   0.000170366231
 -0.00013712  -0.000739516010
 -0.00079300  -0.000108018550
 -0.00082266   0.000080353115
 -0.00075882  -0.000203136500
  0.00067541  -0.000539025553
 -0.00076958   0.000317665983
 -0.00016558   0.000922236108
  0.00032234  -0.000710264898
  0.00073511  -0.000450652683
 -0.00029180  -0.000634463358
 -0.00046233  -0.000528920929
 -0.00068449   0.000485228182
  0.00015455  -0.000716524046
  0.00052926   0.000766965000
  0.00087083   0.000197416738
 -0.00029891   0.000818442651
 -0.00071690   0.000286609684
  0.00078452   0.000375710349
  0.00044168   0.000787096048
 -0.00063763  -0.000313354444
 -0.00007906   0.000866263242
  0.00069900   0.000524483204
 -0.00014446   0.000851619099
  0.00001947  -0.000680174786
 -0.00073348   0.000121180678
  0.00083430  -0.000189738933
  0.00052910   0.000676103551
 -0.00057106  -0.000351445445
  0.00074080  -0.000311609199
  0.00082736  -0.000116348767
  0.00018817   0.000833954134
  0.00034026   0.000786786846
  0.00063298  -0.000440382461
  0.00053068  -0.000537884947
  0.00016656  -0.000657579320
 -0.00039862   0.000712288682
 -0.00043452   0.000679040487
 -0.00046821  -0.000423534644
  0.00046497  -0.000546835475
 -0.00067718  -0.000026470211
  0.00013065   0.000804109795
 -0.00022165   0.000763975014
  0.00029758  -0.000589480150
  0.00080326   0.000126985700
 -0.00057130   0.000488304945
  0.00077968   0.000005909585
 -0.00049026   0.000551998955
  0.00054889   0.000517843693
  0.00072120   0.000237259612
  0.00026918   0.000709887525
 -0.00059057   0.000326536729
  0.00059276   0.000448475749
  0.00075839   0.000043238610
  0.00063781  -0.000298842837
  0.00037171   0.000657736114
 -0.00059878  -0.000189765975
  0.00047638   0.000550981422
  0.00071358  -0.000098685806
  0.00057993   0.000384692112
 -0.00053179   0.000439396080
  0.00052932  -0.000412596409
 -0.00021897   0.000674999106
  0.00036892   0.000599382344
  0.00008379   0.000715357968
  0.00068350   0.000139741843
  0.00069372   0.000097668075
  0.00065165  -0.000171471217
  0.00045535  -0.000439166878
  0.00039880   0.000515734201
  0.00065916  -0.000022708113
 -0.00039922   0.000512948969
 -0.00039285   0.000517306137
  0.00003057   0.000672458392
 -0.00025953   0.000604793165
  0.00059045   0.000242882393
  0.00059661   0.000186563752
  0.00056963  -0.000210012098
 -0.00003219   0.000666001285
  0.00017712   0.000643658951
 -0.00013626   0.000650220282
 -0.00031791  -0.000520267978
  0.00046800   0.000387910635
 -0.00022890  -0.000556254432
 -0.00060155   0.000153553529
 -0.00040622  -0.000410333130
  0.00046259  -0.000356904015
 -0.00053185  -0.000220308663
 -0.00050228   0.000346372750
 -0.00001435  -0.000606292521
 -0.00052464   0.000287076139
  0.00030864  -0.000497415237
 -0.00046297  -0.000293294535
  0.00035165  -0.000444528264
 -0.00044916   0.000356400434
  0.00018679   0.000575521280
 -0.00028690   0.000522632575
 -0.00008501  -0.000570042519
  0.00002062  -0.000571803675
 -0.00056293  -0.000034040937
  0.00029560   0.000511787707
 -0.00056149   0.000093725073
 -0.00023417   0.000529500078
  0.00048925   0.000295674718
  0.00037616   0.000412171298
 -0.00052862  -0.000101681989
  0.00019945  -0.000532117159
  0.00018445  -0.000542959004
 -0.00028870  -0.000457721541
 -0.00015827  -0.000496622477
 -0.00049453   0.000178255263
  0.00052910  -0.000172430362
  0.00007715   0.000570995761
  0.00050949   0.000221039354
 -0.00026695   0.000447956647
 -0.00030754   0.000407450447
 -0.00012336   0.000525065061
 -0.00040568   0.000300465559
  0.00022936   0.000504139872
 -0.00005636   0.000537106719
  0.00018842   0.000509675596
  0.00054481  -0.000028462830
 -0.00030228  -0.000367249026
  0.00031865   0.000408481907
 -0.00041458  -0.000217184155
  0.00044619   0.000251879509
  0.00014100   0.000509583736
 -0.00032606  -0.000323119195
 -0.00015411  -0.000441734754
  0.00033436  -0.000328332911
  0.00036221  -0.000303647848
  0.00016395  -0.000438035885
 -0.00045475   0.000063004430
  0.00050362  -0.000070814628
  0.00006370   0.000509044023
  0.00040339  -0.000203944611
  0.00025304  -0.000359418939
 -0.00018272  -0.000381427270
  0.00047620   0.000074318565
 -0.00038336  -0.000101501925
  0.00038185   0.000242166793
 -0.00010721  -0.000407747340
 -0.00041753   0.000070066457
  0.00018108  -0.000367374550
  0.00045691  -0.000110444666
  0.00045434   0.000087410827
 -0.00035021   0.000225633131
  0.00009799  -0.000382027563
 -0.00032487  -0.000222693712
  0.00002868  -0.000390449350
 -0.00006612   0.000442582048
  0.00029946   0.000308360787
  0.00010696   0.000419937040
  0.00024483   0.000292596091
  0.00042396  -0.000029729350
 -0.00034751   0.000161222713
 -0.00011077  -0.000338410237
 -0.00029428  -0.000202202969
 -0.00036402   0.000070345942
  0.00037456  -0.000128483882
  0.00036625   0.000135016818
  0.00000803   0.000382271800
  0.00019332   0.000313026771
  0.00022023  -0.000282942149
  0.00030374  -0.000200057781
 -0.00019704   0.000327969695
 -0.00025589  -0.000214471085
 -0.00031032  -0.000047568028
 -0.00011875   0.000361443080
  0.00035277   0.000001664989
 -0.00018843   0.000268445779
 -0.00026749   0.000166770193
 -0.00027571   0.000033336373
 -0.00011921  -0.000255743257
  0.00003042   0.000339278180
  0.00021526   0.000233190820
  0.00032384  -0.000081437196
  0.00016280  -0.000242941679
 -0.00021324  -0.000130389122
 -0.00004882  -0.000241012311
  0.00012736  -0.000222141286
  0.00027738   0.000056474892
  0.00015980   0.000255483755
  0.00020576  -0.000158559798
  0.00024493  -0.000086213734
 -0.00010848   0.000277474980
 -0.00020097   0.000147541521
  0.00008194   0.000261974463
  0.00022205   0.000003907263
 -0.00016225   0.000161423537
 -0.00002419  -0.000190185244
 -0.00017664  -0.000078595381
  0.00012097  -0.000101598255
  0.00019588   0.000050024953
  0.00011980   0.000161200006
 -0.00000832   0.000221238169
 -0.00009890  -0.000137780853
 -0.00015524  -0.000054812894
 -0.00013651   0.000094334313
 -0.00006606   0.000178928474
 -0.00005328  -0.000154576404
  0.00006196   0.000170580092
  0.00013689   0.000003718292
 -0.00007755   0.000032624782
  0.00011565   0.000051662371
 -0.00001865  -0.000086619980
 -0.00007234  -0.000065115164
 -0.00001450   0.000013969042
 -0.00002613   0.000052503162
